0.0994331,97.6672,39,52.6383;
0.121839,82.4846,45,48.1224;
0.150789,81.2634,51,47.9193;
0.161916,53.7638,54,34.0404;
0.165306,52.2427,55,35.4478;
0.172548,48.3119,57,34.8546;
0.260572,42.5412,76,34.5449;
0.270276,42.1245,79,34.5262;
1.84279,41.2403,245,33.9037;
2.64391,40.6801,309,33.7897;

0.67508,43.6816,103,34.813;

36.7577,44.9708,1942,35.3234;
40.8009,44.9593,2089,35.3117;
41.7773,44.9351,2123,35.3004;
42.4966,44.6185,2152,34.9444;
42.6442,44.5666,2158,34.928;


2.43065,43.8083,260,38.2163;
2.53972,43.7876,270,38.2115;
3.01523,43.6127,312,32.3928;
4.7015,43.4501,424,37.074;
8.01982,43.2774,619,37.275;
8.78971,42.8799,669,36.7095;

0.0620442,114.622,29,47.9686;
0.0814123,108.903,34,49.0575;
0.0860464,56.5434,36,42.2923;
0.088033,55.774,37,41.5425;
0.206575,54.417,67,39.9989;
0.431563,51.0118,109,37.8604;
0.585852,47.1587,136,37.731;
0.895838,43.9804,175,35.8058;
1.54522,43.8103,245,35.8143;
2.3408,43.4084,318,37.066;
11.6044,43.2273,888,34.9349;
19.3422,42.9255,1257,36.2358;
33.8595,42.3268,1874,36.1388;

0.00108082,4063.87,5,39.744;
0.001417,4063.82,6,39.6361;
0.0426638,2062.16,24,38.1321;
0.0605519,56.3242,28,35.5947;
0.510233,47.4912,110,37.2389;
1.00114,46.7749,173,36.682;
1.16887,44.7041,191,36.4155;
1.44477,41.6696,220,34.7695;

2.39811,39.3758,276,34.705;

1.15707,47.9563,200,36.4857;
1.2227,47.2181,209,35.8091;
1.43277,45.4448,231,35.7331;
2.04995,45.1958,296,36.2383;
2.0662,43.5809,297,34.4505;
3.09387,43.5727,393,34.4436;
4.21896,43.5076,483,34.3755;

0.104114,62.6286,46,40.5233;
0.193113,58.6251,67,43.4897;
0.207506,58.4254,71,43.3351;
0.33797,45.2102,93,35.4471;
4.34282,44.7106,454,35.5118;
7.16787,44.6771,613,35.0953;
19.6047,43.7594,1217,38.0216;
42.9549,43.4984,2130,38.7692;

0.530757,46.8517,117,35.9417;
0.540535,46.8431,119,35.9591;
0.589044,46.6797,129,35.9005;
1.38089,44.3608,215,35.7846;
6.9551,43.6749,642,34.835;
13.2661,43.6648,1046,33.7099;
13.894,43.6161,1081,33.6568;
20.7897,43.5019,1417,33.8193;

0.00111504,2055.42,5,42.815;
0.00844515,2051.44,12,41.288;
0.0468491,59.3131,27,46.2537;
0.0634516,59.1486,35,46.6054;
0.351153,54.8275,90,44.1435;
0.61953,50.6608,128,42.0578;
0.686655,48.0701,135,35.8301;
0.714264,47.2679,138,35.5413;
0.848299,46.8369,153,35.534;
6.07901,46.6866,567,35.2917;
7.9079,46.5138,681,35.246;
8.3904,45.4149,710,38.1698;
17.4434,45.3343,1169,38.5114;
20.7369,44.5837,1307,37.3827;

0.0223571,120.202,20,47.8026;
0.0353044,119.831,25,47.4778;
0.0986528,113.46,44,49.1658;
0.131293,112.697,51,48.963;
0.141098,96.1424,56,49.9989;
0.150064,52.5793,58,40.6036;
0.204315,52.5716,75,40.5879;
0.32317,51.7123,97,38.8687;
0.946085,50.7626,181,37.0577;
2.09936,45.0927,300,35.3912;
2.12894,44.9695,303,35.264;
6.38401,43.2044,637,35.6774;
6.87063,43.2006,672,35.6671;
7.60097,43.1978,720,35.6213;

0.057121,56.4393,25,39.8785;
0.129792,46.4818,41,37.0863;
0.143324,43.7733,44,37.7185;
0.269937,43.5255,62,37.7078;

0.032221,40.4223,21,34.1966;
0.0500956,40.3982,30,34.2013;
0.132544,40.3901,52,34.1975;
9.07749,40.314,854,34.6872;


0.00215864,8145.31,6,47.8934;
0.00755311,8145.28,10,47.9054;
0.0134558,8144.2,17,47.1919;
0.0605735,8127,40,52.655;
0.0788318,6125.96,48,58.1875;
0.11546,2060.2,61,41.5612;
0.227952,55.819,92,42.241;
0.466258,55.6827,127,42.4854;
0.649094,55.5804,151,39.9811;
0.894751,50.4395,179,37.6675;
0.969447,48.8871,187,37.6971;
1.33555,46.9328,224,35.7416;
2.22564,43.7876,307,35.6283;
24.3763,43.7521,1480,35.9192;
47.5033,41.9051,2342,37.8694;

0.00954304,2062.99,12,37.0242;
0.0101744,2062.51,13,36.5815;
0.0211165,64.5689,20,43.9598;
0.0618859,49.9728,37,35.5621;
0.120731,49.5153,53,36.4344;
0.130922,49.3045,56,36.1989;
0.166479,49.2165,65,36.5136;
0.21013,49.2136,76,36.5341;
0.221516,43.4854,79,35.1106;
0.919659,42.9729,174,35.0064;

0.103346,112.548,42,63.3342;
0.126156,110.21,49,60.9967;
0.219674,69.3273,71,43.4117;
0.314862,43.9312,89,35.067;
0.66789,42.9558,140,34.3613;
0.750938,40.6148,150,32.9025;
3.83336,39.1898,427,32.5312;

0.0239132,2066.07,19,48.1055;
0.048965,2048.77,31,39.4516;
0.050075,2048.35,32,38.9852;
0.0705418,70.7211,38,43.2414;
0.0959117,64.4053,47,50.1073;
0.0985884,64.3993,48,50.089;
0.138261,60.2737,62,48.2169;
0.27322,52.867,94,40.4904;
0.694547,51.5482,164,39.5088;
0.818296,47.9393,182,35.6349;
2.75923,43.5134,365,36.4303;
3.22651,43.2718,394,36.1226;
4.45533,39.6517,481,33.6073;


0.0932995,106.891,40,54.2045;
0.110821,106.865,44,54.1616;
0.119264,106.221,47,52.2321;
0.215086,76.4471,69,39.4773;
0.324201,72.7832,87,44.4604;
0.355926,72.7812,92,44.401;
0.385443,66.1754,96,42.8619;
0.465608,60.2431,106,38.6561;
0.486769,59.9005,109,38.4159;
0.50323,59.7752,112,38.2997;
0.886126,59.7127,161,38.2411;
0.936015,44.2268,165,33.286;
1.04245,44.0742,177,33.1236;
2.0192,41.7046,283,31.8641;
3.62201,41.6687,420,31.8919;
4.47314,41.6308,482,31.8524;


0.0170244,48.8458,14,33.8787;
0.252748,41.6815,69,34.474;
4.64301,41.6786,473,34.6555;
5.00516,41.6677,502,34.6525;
5.09577,41.6608,510,34.6346;
5.89828,41.6295,565,34.554;
28.5747,41.6274,1776,34.554;
29.4059,41.6235,1816,34.5483;

1.94908,46.4145,228,36.0085;
1.95244,46.3998,229,36.2227;
2.02368,46.2748,237,35.8659;
2.23868,45.9076,264,35.4155;
2.43883,45.8505,281,35.6889;
14.3513,44.1909,981,37.4913;
16.1162,40.1709,1060,35.938;

0.0248841,14081.7,16,43.6425;
0.0255034,14081,17,42.914;
0.0690266,2127.83,38,56.1681;
0.151363,84.9541,56,48.2763;
0.380319,46.9538,91,36.7138;
0.539564,46.7648,113,37.4912;
0.715363,45.4466,135,35.414;
1.14562,42.0865,175,34.8476;
2.37401,39.9378,295,33.4354;

0.00720987,24094.2,13,52.1115;
0.0134867,63.9478,16,40.9962;
0.0199906,53.4412,19,36.0872;
0.135058,53.4364,56,36.0626;
0.137529,53.426,57,36.0845;
0.184034,51.6029,66,38.5856;
0.192044,51.3816,68,38.7567;
0.208574,50.8777,72,38.1991;
0.410366,45.8338,112,36.4321;
0.923253,42.4162,183,35.4146;
1.68031,40.8618,279,34.2387;
15.7486,40.7794,1066,34.4774;



0.144578,62.2376,53,41.4636;
0.206137,59.9411,69,40.5574;
0.367513,52.1672,94,38.5613;
0.757887,49.2293,148,37.0091;
0.763447,44.0082,149,37.0392;
1.01594,43.8252,179,36.6634;
2.53183,42.3628,329,35.5844;

0.196724,53.4044,61,40.9496;
0.199305,52.6075,62,40.3791;
0.398579,52.1343,98,40.3184;
0.459083,51.8693,108,38.2912;
0.493288,51.4006,114,40.2882;
0.73441,48.3235,142,38.1902;
0.880954,47.0729,163,37.7737;
3.04694,46.2205,358,38.528;
5.15047,44.6426,507,35.5124;

7.4207,42.0546,606,35.8843;
7.52427,42.0309,611,35.8625;
7.6055,41.9993,615,35.8094;
7.62299,41.9934,617,35.8076;
8.17082,41.5065,648,35.277;
8.45865,41.502,670,35.2718;

0.012506,6073.68,10,39.4588;
0.0227567,126.611,14,62.4827;
0.0263799,122.084,16,63.5814;
0.0427665,57.3974,24,36.9944;
0.152194,47.867,55,37.8939;
0.15883,47.8134,57,37.7981;
0.163794,47.3249,59,37.2913;
0.168343,47.1378,60,37.5287;
0.474693,44.3984,114,35.7283;
0.662792,40.8627,143,32.6494;
0.693486,40.8212,148,32.6377;


0.00244354,10139.3,6,65.1369;
0.00449045,2136.9,7,64.5197;
0.00592266,2117.71,8,51.0554;
0.0682485,2110.85,27,55.4875;
0.074578,2107.82,28,55.5758;
0.0927338,2105.21,33,55.2671;
0.102812,2104.08,36,55.1154;
0.137626,130.273,47,55.6534;
0.141008,130.129,48,53.9065;
0.175188,92.6959,56,53.5079;
0.25663,92.6188,74,55.1955;
0.287236,90.2282,81,54.9421;
0.324349,89.9701,89,55.0009;
0.384738,66.2303,97,40.8087;
0.531745,54.5799,122,38.7485;
1.44982,47.6091,234,36.4347;
1.55674,47.1426,245,36.0192;
14.3993,46.6618,1063,36.3972;
18.9771,46.59,1285,36.8726;
20.1307,46.5016,1337,36.1615;
21.8507,46.2081,1414,35.121;
22.179,46.1262,1426,35.7385;
40.5526,45.7321,2184,34.7806;

3.02133,46.5453,367,37.6088;
4.71369,41.2589,493,34.541;

0.0111895,8069.74,12,37.6645;
0.0226476,8069.25,19,37.2037;
0.0285961,4074.26,22,43.7168;
0.0319292,4065.77,23,39.7592;
0.0365411,4044.6,25,36.689;
0.0720613,68.2834,39,41.1229;
0.133362,48.8593,59,37.758;
0.146114,48.4665,62,37.1183;
0.149258,48.4659,63,37.1124;
0.18366,42.5262,73,33.7506;
0.208015,42.5209,79,33.7524;
0.324429,42.5171,107,33.7489;
0.732248,42.5151,168,33.7411;
5.56822,41.1158,628,34.34;
14.8575,40.2579,1153,33.6236;

0.0159025,2049.1,10,35.7295;
0.0206229,2040.41,12,32.1976;
0.044465,51.0495,19,38.1618;
0.0769953,45.5585,27,35.5971;
0.119231,42.175,35,34.9004;
0.387727,40.7454,77,34.5297;
3.20554,39.9604,335,33.0333;
3.53159,39.9449,358,33.5922;

0.194547,43.526,58,35.8738;
0.430402,43.5243,106,35.8653;
1.49305,42.412,227,36.2978;
3.19624,42.4095,371,36.2998;
3.63637,42.3798,410,36.2969;
13.0256,40.2808,997,35.1991;


0.11227,88.3127,42,44.6952;
0.124633,88.2598,46,44.7044;
0.218898,55.7805,64,36.7168;
0.312351,44.9938,81,38.3124;
3.31253,43.8208,356,36.7709;
7.08721,43.1157,597,36.1443;
10.3854,43.1002,778,36.2315;

0.00914404,6100.25,12,51.0175;
0.0142045,72.4683,14,49.0738;
0.0242323,71.9022,21,48.5169;
0.0440018,66.0585,29,45.2127;
0.0792886,64.2455,40,46.7708;
0.0858104,54.9414,41,41.335;
0.39894,50.373,100,37.2435;
0.488516,38.7969,114,32.6182;

0.00706241,89.6506,9,37.3711;
0.0125644,88.7473,12,37.2308;
0.0173947,88.5728,16,37.0977;
0.0394491,60.5031,25,43.0682;
0.0418548,60.4878,26,43.0488;
0.0601822,60.4081,34,43.1476;
0.128056,60.3616,54,43.1099;
0.275018,57.2571,86,40.0191;
0.349297,51.4278,99,38.6652;
0.907866,51.0761,175,37.526;
1.81176,49.1031,266,38.1157;
2.33815,48.518,309,38.0646;
2.52831,46.5217,326,36.543;
2.93414,46.089,355,36.1851;
3.11761,46.0101,368,36.4552;

0.0720451,50.7483,39,37.344;
0.0740243,50.3858,40,36.9924;
0.104915,50.2291,51,36.8169;
0.187101,40.3664,72,35.4028;
0.197173,39.6678,75,34.6896;
0.259304,39.1739,89,34.1682;

2.3544,45.4913,60,33.2174;
6.65676,43.6326,250,35.2329;
6.92366,43.3085,269,34.5244;
18.1178,43.0959,835,34.6808;
20.8284,42.4896,961,33.857;
38.4606,42.453,1681,34.1199;

0.0722748,46.8157,36,35.1889;
0.0812274,45.077,39,33.0174;
0.127011,44.8278,52,32.7587;
0.220857,44.7997,77,32.7426;
1.871,43.1647,300,36.7213;
2.3501,41.4353,343,35.7533;
2.87702,40.9587,388,35.1674;
4.58542,40.9315,532,35.1596;

18.8941,47.5304,1164,39.2386;
22.9899,47.5288,1337,39.2384;

0.139391,48.6344,51,38.6545;
0.144775,48.6292,53,38.6351;
0.328465,48.6255,92,38.6584;
0.566915,46.6304,128,36.7183;
1.53657,45.7965,238,36.2054;
3.64019,39.4192,417,33.78;

0.183787,56.8073,61,41.7857;
0.211716,55.7225,68,42.2738;
0.219635,53.2503,70,40.8589;
0.229047,52.9884,73,40.6069;
0.451503,52.9585,115,40.5812;
0.795782,47.1498,170,38.3213;
0.804448,47.1156,172,38.2263;
0.959492,47.1021,193,38.221;
0.97995,46.1694,194,37.5058;
0.989768,46.1356,196,37.428;
3.08395,45.1906,403,36.9986;
20.4992,44.6213,1447,36.2397;

0.180371,45.3173,62,35.9472;
0.181869,45.298,63,35.9418;
0.183423,45.2431,64,35.9486;
0.206033,45.2378,71,35.9554;
0.46221,45.2288,120,35.9405;
0.77532,44.4951,163,34.7997;
0.790034,42.5636,165,34.3907;
1.8706,42.3473,281,34.0609;

